0 1 7
0 2 7
0 3 4
0 4 15
0 5 6
0 6 7
0 7 4
0 8 17
0 9 2
0 10 19
0 11 16
0 12 16
0 13 5
0 14 8
0 15 16
0 16 1
0 17 14
0 18 2
0 19 1
0 20 1
0 21 11
0 22 12
0 23 4
0 24 3
0 25 18
0 26 3
0 27 1
0 28 8
0 29 6
0 30 14
0 31 5
0 32 9
0 33 17
0 34 8
0 35 6
0 36 7
0 37 7
0 38 4
0 39 11
0 40 14
0 41 10
0 42 15
0 43 8
0 44 3
0 45 6
0 46 1
0 47 17
0 48 4
0 49 9
0 50 3
0 51 15
0 52 5
0 53 2
0 54 18
0 55 7
0 56 17
0 57 13
0 58 4
0 59 12
0 60 12
0 61 10
0 62 1
0 63 16
0 64 18
0 65 11
0 66 2
0 67 19
0 68 6
0 69 9
0 70 8
0 71 6
0 72 13
0 73 14
0 74 18
0 75 14
0 76 16
0 77 6
0 78 19
0 79 1
0 80 2
0 81 13
0 82 17
0 83 15
0 84 5
0 85 16
0 86 18
0 87 12
0 88 18
0 89 9
0 90 16
0 91 3
0 92 14
0 93 5
0 94 16
0 95 4
0 96 14
0 97 14
0 98 15
0 99 8
1 2 15
1 3 3
1 4 17
1 5 7
1 6 4
1 7 16
1 8 8
1 9 14
1 10 18
1 11 17
1 12 1
1 13 7
1 14 12
1 15 9
1 16 7
1 17 1
1 18 12
1 19 11
1 20 16
1 21 13
1 22 8
1 23 9
1 24 11
1 25 12
1 26 14
1 27 16
1 28 2
1 29 19
1 30 16
1 31 2
1 32 17
1 33 18
1 34 6
1 35 2
1 36 17
1 37 17
1 38 13
1 39 9
1 40 3
1 41 13
1 42 12
1 43 4
1 44 5
1 45 8
1 46 12
1 47 14
1 48 16
1 49 9
1 50 1
1 51 2
1 52 12
1 53 14
1 54 1
1 55 11
1 56 19
1 57 5
1 58 4
1 59 10
1 60 12
1 61 6
1 62 2
1 63 10
1 64 7
1 65 9
1 66 4
1 67 14
1 68 19
1 69 19
1 70 13
1 71 3
1 72 13
1 73 6
1 74 4
1 75 9
1 76 16
1 77 14
1 78 14
1 79 16
1 80 16
1 81 12
1 82 17
1 83 8
1 84 17
1 85 18
1 86 19
1 87 13
1 88 7
1 89 2
1 90 12
1 91 10
1 92 19
1 93 4
1 94 17
1 95 8
1 96 19
1 97 9
1 98 6
1 99 14
2 3 17
2 4 4
2 5 8
2 6 2
2 7 1
2 8 14
2 9 15
2 10 10
2 11 9
2 12 16
2 13 2
2 14 17
2 15 8
2 16 10
2 17 5
2 18 10
2 19 2
2 20 19
2 21 18
2 22 17
2 23 10
2 24 1
2 25 9
2 26 9
2 27 3
2 28 9
2 29 5
2 30 17
2 31 8
2 32 2
2 33 16
2 34 11
2 35 12
2 36 6
2 37 12
2 38 1
2 39 18
2 40 9
2 41 15
2 42 15
2 43 10
2 44 13
2 45 16
2 46 15
2 47 18
2 48 17
2 49 14
2 50 6
2 51 9
2 52 6
2 53 2
2 54 8
2 55 12
2 56 5
2 57 19
2 58 9
2 59 16
2 60 12
2 61 6
2 62 9
2 63 12
2 64 9
2 65 16
2 66 18
2 67 1
2 68 14
2 69 1
2 70 5
2 71 1
2 72 10
2 73 18
2 74 18
2 75 13
2 76 12
2 77 9
2 78 4
2 79 4
2 80 6
2 81 14
2 82 14
2 83 1
2 84 13
2 85 17
2 86 1
2 87 19
2 88 4
2 89 4
2 90 18
2 91 3
2 92 10
2 93 4
2 94 17
2 95 2
2 96 14
2 97 8
2 98 4
2 99 11
3 4 12
3 5 16
3 6 19
3 7 17
3 8 8
3 9 11
3 10 4
3 11 9
3 12 8
3 13 2
3 14 16
3 15 5
3 16 13
3 17 8
3 18 12
3 19 17
3 20 10
3 21 13
3 22 6
3 23 9
3 24 14
3 25 18
3 26 5
3 27 1
3 28 2
3 29 11
3 30 10
3 31 10
3 32 5
3 33 13
3 34 9
3 35 17
3 36 13
3 37 16
3 38 17
3 39 10
3 40 5
3 41 15
3 42 2
3 43 10
3 44 7
3 45 16
3 46 15
3 47 17
3 48 12
3 49 5
3 50 18
3 51 14
3 52 6
3 53 8
3 54 6
3 55 15
3 56 7
3 57 9
3 58 11
3 59 10
3 60 1
3 61 12
3 62 9
3 63 10
3 64 18
3 65 1
3 66 8
3 67 15
3 68 18
3 69 10
3 70 8
3 71 10
3 72 11
3 73 17
3 74 17
3 75 18
3 76 17
3 77 2
3 78 9
3 79 7
3 80 18
3 81 11
3 82 1
3 83 2
3 84 7
3 85 5
3 86 9
3 87 2
3 88 2
3 89 10
3 90 13
3 91 10
3 92 14
3 93 6
3 94 5
3 95 1
3 96 10
3 97 16
3 98 17
3 99 3
4 5 13
4 6 12
4 7 4
4 8 15
4 9 8
4 10 11
4 11 8
4 12 8
4 13 12
4 14 7
4 15 3
4 16 1
4 17 4
4 18 6
4 19 8
4 20 17
4 21 19
4 22 14
4 23 5
4 24 9
4 25 5
4 26 18
4 27 16
4 28 14
4 29 10
4 30 8
4 31 3
4 32 10
4 33 17
4 34 16
4 35 16
4 36 11
4 37 17
4 38 18
4 39 2
4 40 13
4 41 8
4 42 2
4 43 13
4 44 6
4 45 7
4 46 6
4 47 6
4 48 17
4 49 2
4 50 5
4 51 14
4 52 2
4 53 18
4 54 2
4 55 18
4 56 18
4 57 7
4 58 14
4 59 19
4 60 19
4 61 5
4 62 18
4 63 15
4 64 11
4 65 13
4 66 17
4 67 19
4 68 13
4 69 3
4 70 11
4 71 7
4 72 13
4 73 19
4 74 13
4 75 7
4 76 10
4 77 16
4 78 12
4 79 13
4 80 13
4 81 2
4 82 5
4 83 15
4 84 4
4 85 6
4 86 12
4 87 1
4 88 18
4 89 17
4 90 15
4 91 2
4 92 13
4 93 13
4 94 18
4 95 12
4 96 19
4 97 13
4 98 18
4 99 18
5 6 7
5 7 3
5 8 9
5 9 16
5 10 18
5 11 15
5 12 5
5 13 1
5 14 8
5 15 3
5 16 2
5 17 4
5 18 15
5 19 3
5 20 1
5 21 18
5 22 7
5 23 8
5 24 1
5 25 1
5 26 15
5 27 10
5 28 19
5 29 8
5 30 5
5 31 14
5 32 19
5 33 7
5 34 6
5 35 17
5 36 13
5 37 18
5 38 4
5 39 18
5 40 6
5 41 14
5 42 18
5 43 17
5 44 19
5 45 2
5 46 6
5 47 15
5 48 10
5 49 10
5 50 3
5 51 5
5 52 13
5 53 19
5 54 9
5 55 16
5 56 15
5 57 3
5 58 5
5 59 17
5 60 8
5 61 14
5 62 1
5 63 9
5 64 6
5 65 3
5 66 16
5 67 6
5 68 11
5 69 12
5 70 9
5 71 5
5 72 15
5 73 3
5 74 1
5 75 7
5 76 8
5 77 15
5 78 19
5 79 14
5 80 11
5 81 9
5 82 2
5 83 8
5 84 7
5 85 14
5 86 13
5 87 5
5 88 17
5 89 7
5 90 15
5 91 12
5 92 18
5 93 10
5 94 17
5 95 10
5 96 11
5 97 10
5 98 4
5 99 5
6 7 1
6 8 2
6 9 9
6 10 11
6 11 6
6 12 10
6 13 1
6 14 8
6 15 7
6 16 17
6 17 8
6 18 7
6 19 14
6 20 2
6 21 2
6 22 4
6 23 12
6 24 16
6 25 10
6 26 4
6 27 8
6 28 19
6 29 11
6 30 1
6 31 6
6 32 1
6 33 19
6 34 18
6 35 5
6 36 9
6 37 13
6 38 2
6 39 13
6 40 6
6 41 3
6 42 7
6 43 14
6 44 18
6 45 2
6 46 17
6 47 10
6 48 15
6 49 2
6 50 2
6 51 14
6 52 19
6 53 7
6 54 19
6 55 1
6 56 8
6 57 17
6 58 13
6 59 4
6 60 16
6 61 14
6 62 19
6 63 9
6 64 12
6 65 12
6 66 2
6 67 4
6 68 6
6 69 17
6 70 2
6 71 15
6 72 16
6 73 1
6 74 10
6 75 3
6 76 15
6 77 5
6 78 18
6 79 2
6 80 15
6 81 10
6 82 17
6 83 9
6 84 9
6 85 8
6 86 3
6 87 6
6 88 18
6 89 1
6 90 2
6 91 2
6 92 19
6 93 5
6 94 9
6 95 4
6 96 9
6 97 13
6 98 17
6 99 14
7 8 6
7 9 2
7 10 14
7 11 16
7 12 4
7 13 1
7 14 5
7 15 17
7 16 13
7 17 6
7 18 19
7 19 1
7 20 12
7 21 2
7 22 17
7 23 3
7 24 8
7 25 12
7 26 11
7 27 3
7 28 6
7 29 7
7 30 12
7 31 13
7 32 5
7 33 3
7 34 14
7 35 3
7 36 4
7 37 13
7 38 18
7 39 17
7 40 17
7 41 3
7 42 13
7 43 19
7 44 9
7 45 17
7 46 12
7 47 1
7 48 6
7 49 4
7 50 3
7 51 9
7 52 2
7 53 4
7 54 6
7 55 10
7 56 14
7 57 8
7 58 5
7 59 2
7 60 16
7 61 9
7 62 3
7 63 19
7 64 8
7 65 15
7 66 8
7 67 16
7 68 2
7 69 12
7 70 11
7 71 16
7 72 17
7 73 10
7 74 10
7 75 1
7 76 1
7 77 17
7 78 8
7 79 9
7 80 5
7 81 6
7 82 17
7 83 3
7 84 18
7 85 12
7 86 16
7 87 3
7 88 16
7 89 2
7 90 4
7 91 1
7 92 18
7 93 14
7 94 6
7 95 6
7 96 11
7 97 6
7 98 15
7 99 6
8 9 4
8 10 8
8 11 13
8 12 2
8 13 1
8 14 17
8 15 13
8 16 15
8 17 7
8 18 2
8 19 13
8 20 7
8 21 9
8 22 3
8 23 8
8 24 18
8 25 10
8 26 18
8 27 9
8 28 12
8 29 11
8 30 16
8 31 6
8 32 18
8 33 9
8 34 3
8 35 12
8 36 14
8 37 7
8 38 10
8 39 2
8 40 8
8 41 4
8 42 5
8 43 7
8 44 14
8 45 7
8 46 4
8 47 14
8 48 11
8 49 2
8 50 3
8 51 9
8 52 9
8 53 17
8 54 11
8 55 15
8 56 7
8 57 18
8 58 8
8 59 15
8 60 8
8 61 9
8 62 6
8 63 16
8 64 15
8 65 13
8 66 15
8 67 18
8 68 9
8 69 10
8 70 3
8 71 5
8 72 5
8 73 11
8 74 15
8 75 4
8 76 4
8 77 10
8 78 11
8 79 11
8 80 16
8 81 12
8 82 4
8 83 6
8 84 19
8 85 3
8 86 12
8 87 18
8 88 16
8 89 8
8 90 3
8 91 8
8 92 17
8 93 12
8 94 2
8 95 3
8 96 18
8 97 2
8 98 8
8 99 2
9 10 8
9 11 4
9 12 9
9 13 2
9 14 1
9 15 8
9 16 14
9 17 12
9 18 5
9 19 2
9 20 8
9 21 3
9 22 2
9 23 3
9 24 4
9 25 11
9 26 11
9 27 2
9 28 13
9 29 6
9 30 17
9 31 3
9 32 11
9 33 10
9 34 4
9 35 13
9 36 19
9 37 16
9 38 9
9 39 12
9 40 13
9 41 1
9 42 6
9 43 10
9 44 18
9 45 18
9 46 1
9 47 4
9 48 18
9 49 17
9 50 15
9 51 5
9 52 15
9 53 1
9 54 14
9 55 6
9 56 15
9 57 1
9 58 9
9 59 5
9 60 18
9 61 8
9 62 4
9 63 18
9 64 2
9 65 2
9 66 3
9 67 12
9 68 8
9 69 15
9 70 9
9 71 14
9 72 2
9 73 10
9 74 5
9 75 5
9 76 5
9 77 15
9 78 17
9 79 19
9 80 10
9 81 15
9 82 2
9 83 18
9 84 6
9 85 5
9 86 10
9 87 18
9 88 4
9 89 12
9 90 10
9 91 10
9 92 18
9 93 18
9 94 10
9 95 11
9 96 3
9 97 9
9 98 13
9 99 19
10 11 18
10 12 1
10 13 16
10 14 14
10 15 11
10 16 8
10 17 8
10 18 17
10 19 2
10 20 18
10 21 17
10 22 17
10 23 6
10 24 17
10 25 9
10 26 10
10 27 10
10 28 9
10 29 15
10 30 16
10 31 13
10 32 4
10 33 8
10 34 2
10 35 4
10 36 5
10 37 13
10 38 10
10 39 11
10 40 4
10 41 16
10 42 2
10 43 18
10 44 14
10 45 12
10 46 4
10 47 6
10 48 14
10 49 15
10 50 19
10 51 7
10 52 12
10 53 17
10 54 17
10 55 10
10 56 6
10 57 17
10 58 4
10 59 3
10 60 9
10 61 8
10 62 14
10 63 4
10 64 9
10 65 5
10 66 11
10 67 7
10 68 3
10 69 4
10 70 17
10 71 12
10 72 5
10 73 13
10 74 2
10 75 5
10 76 8
10 77 14
10 78 2
10 79 14
10 80 8
10 81 11
10 82 18
10 83 9
10 84 7
10 85 14
10 86 16
10 87 7
10 88 18
10 89 11
10 90 14
10 91 12
10 92 17
10 93 13
10 94 14
10 95 19
10 96 12
10 97 3
10 98 19
10 99 9
11 12 6
11 13 1
11 14 7
11 15 18
11 16 6
11 17 18
11 18 3
11 19 17
11 20 1
11 21 11
11 22 2
11 23 6
11 24 7
11 25 7
11 26 7
11 27 17
11 28 15
11 29 19
11 30 13
11 31 1
11 32 14
11 33 18
11 34 8
11 35 5
11 36 18
11 37 13
11 38 13
11 39 11
11 40 15
11 41 4
11 42 4
11 43 4
11 44 16
11 45 11
11 46 3
11 47 9
11 48 12
11 49 5
11 50 1
11 51 9
11 52 1
11 53 5
11 54 6
11 55 4
11 56 8
11 57 16
11 58 9
11 59 14
11 60 3
11 61 16
11 62 9
11 63 9
11 64 6
11 65 12
11 66 12
11 67 3
11 68 6
11 69 9
11 70 12
11 71 4
11 72 1
11 73 18
11 74 14
11 75 9
11 76 6
11 77 5
11 78 12
11 79 7
11 80 10
11 81 3
11 82 14
11 83 14
11 84 11
11 85 3
11 86 3
11 87 9
11 88 11
11 89 13
11 90 6
11 91 5
11 92 16
11 93 2
11 94 19
11 95 17
11 96 5
11 97 16
11 98 15
11 99 3
12 13 13
12 14 10
12 15 2
12 16 5
12 17 17
12 18 11
12 19 2
12 20 6
12 21 10
12 22 3
12 23 1
12 24 8
12 25 18
12 26 5
12 27 6
12 28 8
12 29 10
12 30 2
12 31 8
12 32 11
12 33 2
12 34 16
12 35 14
12 36 2
12 37 18
12 38 11
12 39 11
12 40 13
12 41 9
12 42 3
12 43 4
12 44 8
12 45 16
12 46 12
12 47 14
12 48 6
12 49 1
12 50 14
12 51 15
12 52 6
12 53 12
12 54 5
12 55 15
12 56 8
12 57 2
12 58 12
12 59 10
12 60 9
12 61 8
12 62 13
12 63 9
12 64 15
12 65 12
12 66 9
12 67 4
12 68 12
12 69 13
12 70 3
12 71 7
12 72 5
12 73 8
12 74 10
12 75 7
12 76 3
12 77 7
12 78 18
12 79 9
12 80 9
12 81 3
12 82 14
12 83 6
12 84 10
12 85 6
12 86 8
12 87 1
12 88 15
12 89 8
12 90 9
12 91 18
12 92 6
12 93 9
12 94 9
12 95 1
12 96 19
12 97 4
12 98 10
12 99 11
13 14 10
13 15 19
13 16 16
13 17 1
13 18 14
13 19 4
13 20 3
13 21 10
13 22 7
13 23 3
13 24 2
13 25 4
13 26 9
13 27 16
13 28 12
13 29 7
13 30 8
13 31 10
13 32 2
13 33 11
13 34 15
13 35 17
13 36 6
13 37 5
13 38 17
13 39 17
13 40 12
13 41 8
13 42 10
13 43 16
13 44 7
13 45 18
13 46 12
13 47 12
13 48 4
13 49 14
13 50 3
13 51 19
13 52 1
13 53 6
13 54 7
13 55 12
13 56 18
13 57 16
13 58 4
13 59 5
13 60 6
13 61 2
13 62 15
13 63 13
13 64 17
13 65 3
13 66 14
13 67 4
13 68 5
13 69 8
13 70 2
13 71 13
13 72 4
13 73 17
13 74 14
13 75 2
13 76 6
13 77 10
13 78 7
13 79 10
13 80 6
13 81 14
13 82 7
13 83 5
13 84 8
13 85 13
13 86 6
13 87 13
13 88 18
13 89 10
13 90 19
13 91 15
13 92 9
13 93 9
13 94 2
13 95 4
13 96 11
13 97 12
13 98 10
13 99 6
14 15 18
14 16 12
14 17 16
14 18 11
14 19 11
14 20 8
14 21 10
14 22 19
14 23 14
14 24 15
14 25 8
14 26 3
14 27 5
14 28 1
14 29 2
14 30 12
14 31 5
14 32 12
14 33 5
14 34 9
14 35 17
14 36 9
14 37 16
14 38 12
14 39 3
14 40 19
14 41 13
14 42 10
14 43 16
14 44 19
14 45 12
14 46 2
14 47 17
14 48 15
14 49 3
14 50 9
14 51 8
14 52 7
14 53 4
14 54 14
14 55 19
14 56 5
14 57 7
14 58 17
14 59 4
14 60 12
14 61 18
14 62 16
14 63 7
14 64 2
14 65 5
14 66 11
14 67 15
14 68 5
14 69 17
14 70 8
14 71 18
14 72 5
14 73 4
14 74 1
14 75 3
14 76 12
14 77 10
14 78 4
14 79 1
14 80 9
14 81 1
14 82 3
14 83 15
14 84 13
14 85 16
14 86 12
14 87 9
14 88 9
14 89 11
14 90 5
14 91 16
14 92 1
14 93 13
14 94 19
14 95 15
14 96 19
14 97 15
14 98 19
14 99 14
15 16 16
15 17 15
15 18 2
15 19 18
15 20 2
15 21 9
15 22 15
15 23 4
15 24 4
15 25 17
15 26 18
15 27 11
15 28 2
15 29 11
15 30 12
15 31 2
15 32 1
15 33 14
15 34 9
15 35 6
15 36 18
15 37 3
15 38 17
15 39 10
15 40 19
15 41 17
15 42 14
15 43 17
15 44 8
15 45 14
15 46 13
15 47 15
15 48 17
15 49 11
15 50 1
15 51 16
15 52 10
15 53 6
15 54 6
15 55 19
15 56 18
15 57 17
15 58 2
15 59 8
15 60 3
15 61 14
15 62 10
15 63 16
15 64 1
15 65 10
15 66 7
15 67 3
15 68 12
15 69 19
15 70 19
15 71 6
15 72 17
15 73 9
15 74 19
15 75 11
15 76 14
15 77 10
15 78 6
15 79 16
15 80 19
15 81 13
15 82 14
15 83 6
15 84 4
15 85 2
15 86 5
15 87 15
15 88 10
15 89 3
15 90 14
15 91 19
15 92 19
15 93 2
15 94 16
15 95 7
15 96 18
15 97 8
15 98 14
15 99 17
16 17 17
16 18 5
16 19 13
16 20 9
16 21 17
16 22 16
16 23 15
16 24 6
16 25 3
16 26 7
16 27 1
16 28 19
16 29 10
16 30 12
16 31 12
16 32 1
16 33 15
16 34 6
16 35 11
16 36 14
16 37 14
16 38 11
16 39 13
16 40 10
16 41 11
16 42 16
16 43 6
16 44 12
16 45 3
16 46 13
16 47 15
16 48 16
16 49 19
16 50 18
16 51 10
16 52 8
16 53 9
16 54 14
16 55 16
16 56 17
16 57 2
16 58 18
16 59 13
16 60 2
16 61 1
16 62 10
16 63 10
16 64 9
16 65 8
16 66 2
16 67 19
16 68 5
16 69 17
16 70 18
16 71 17
16 72 17
16 73 1
16 74 2
16 75 8
16 76 16
16 77 11
16 78 6
16 79 5
16 80 16
16 81 15
16 82 3
16 83 3
16 84 19
16 85 18
16 86 17
16 87 7
16 88 13
16 89 4
16 90 19
16 91 18
16 92 14
16 93 13
16 94 19
16 95 12
16 96 17
16 97 19
16 98 10
16 99 7
17 18 12
17 19 19
17 20 15
17 21 19
17 22 16
17 23 16
17 24 6
17 25 13
17 26 12
17 27 3
17 28 17
17 29 17
17 30 3
17 31 10
17 32 2
17 33 10
17 34 4
17 35 3
17 36 7
17 37 3
17 38 19
17 39 2
17 40 4
17 41 2
17 42 12
17 43 18
17 44 6
17 45 3
17 46 7
17 47 16
17 48 18
17 49 1
17 50 13
17 51 9
17 52 12
17 53 18
17 54 11
17 55 19
17 56 4
17 57 9
17 58 1
17 59 18
17 60 10
17 61 1
17 62 16
17 63 2
17 64 16
17 65 7
17 66 12
17 67 9
17 68 13
17 69 16
17 70 8
17 71 11
17 72 9
17 73 15
17 74 6
17 75 8
17 76 9
17 77 4
17 78 6
17 79 18
17 80 9
17 81 15
17 82 9
17 83 17
17 84 9
17 85 16
17 86 17
17 87 18
17 88 4
17 89 7
17 90 2
17 91 18
17 92 18
17 93 3
17 94 15
17 95 10
17 96 13
17 97 3
17 98 6
17 99 5
18 19 5
18 20 13
18 21 12
18 22 13
18 23 2
18 24 6
18 25 15
18 26 18
18 27 7
18 28 6
18 29 1
18 30 14
18 31 7
18 32 8
18 33 13
18 34 8
18 35 15
18 36 10
18 37 2
18 38 14
18 39 14
18 40 9
18 41 19
18 42 18
18 43 13
18 44 9
18 45 7
18 46 12
18 47 13
18 48 2
18 49 1
18 50 7
18 51 11
18 52 9
18 53 18
18 54 11
18 55 9
18 56 3
18 57 9
18 58 18
18 59 7
18 60 5
18 61 9
18 62 1
18 63 14
18 64 3
18 65 17
18 66 3
18 67 2
18 68 9
18 69 1
18 70 5
18 71 13
18 72 2
18 73 14
18 74 6
18 75 1
18 76 11
18 77 14
18 78 6
18 79 6
18 80 5
18 81 3
18 82 7
18 83 19
18 84 1
18 85 8
18 86 8
18 87 3
18 88 13
18 89 10
18 90 5
18 91 1
18 92 10
18 93 8
18 94 11
18 95 8
18 96 9
18 97 15
18 98 3
18 99 14
19 20 8
19 21 1
19 22 6
19 23 8
19 24 18
19 25 4
19 26 6
19 27 7
19 28 18
19 29 10
19 30 16
19 31 2
19 32 16
19 33 9
19 34 5
19 35 13
19 36 1
19 37 2
19 38 3
19 39 13
19 40 1
19 41 19
19 42 4
19 43 10
19 44 11
19 45 14
19 46 2
19 47 15
19 48 9
19 49 14
19 50 15
19 51 9
19 52 19
19 53 9
19 54 10
19 55 18
19 56 7
19 57 13
19 58 1
19 59 2
19 60 11
19 61 17
19 62 3
19 63 7
19 64 13
19 65 9
19 66 6
19 67 16
19 68 8
19 69 6
19 70 5
19 71 9
19 72 16
19 73 18
19 74 3
19 75 4
19 76 4
19 77 13
19 78 10
19 79 1
19 80 4
19 81 16
19 82 1
19 83 19
19 84 13
19 85 7
19 86 14
19 87 17
19 88 9
19 89 19
19 90 18
19 91 16
19 92 2
19 93 3
19 94 6
19 95 6
19 96 17
19 97 3
19 98 17
19 99 9
20 21 8
20 22 2
20 23 16
20 24 17
20 25 3
20 26 13
20 27 16
20 28 17
20 29 15
20 30 13
20 31 4
20 32 9
20 33 18
20 34 13
20 35 9
20 36 17
20 37 7
20 38 10
20 39 5
20 40 6
20 41 18
20 42 5
20 43 14
20 44 14
20 45 9
20 46 8
20 47 19
20 48 7
20 49 5
20 50 8
20 51 19
20 52 11
20 53 12
20 54 10
20 55 4
20 56 7
20 57 5
20 58 17
20 59 12
20 60 9
20 61 13
20 62 6
20 63 13
20 64 9
20 65 12
20 66 8
20 67 7
20 68 1
20 69 9
20 70 9
20 71 5
20 72 2
20 73 9
20 74 13
20 75 4
20 76 6
20 77 13
20 78 15
20 79 6
20 80 14
20 81 1
20 82 13
20 83 19
20 84 19
20 85 9
20 86 4
20 87 15
20 88 2
20 89 8
20 90 19
20 91 11
20 92 11
20 93 3
20 94 1
20 95 3
20 96 6
20 97 5
20 98 11
20 99 18
21 22 8
21 23 4
21 24 18
21 25 9
21 26 14
21 27 15
21 28 8
21 29 5
21 30 1
21 31 4
21 32 8
21 33 7
21 34 11
21 35 11
21 36 14
21 37 18
21 38 18
21 39 10
21 40 11
21 41 8
21 42 13
21 43 18
21 44 3
21 45 16
21 46 17
21 47 14
21 48 13
21 49 1
21 50 2
21 51 10
21 52 2
21 53 11
21 54 19
21 55 18
21 56 3
21 57 15
21 58 4
21 59 18
21 60 3
21 61 7
21 62 6
21 63 11
21 64 1
21 65 16
21 66 5
21 67 12
21 68 12
21 69 8
21 70 15
21 71 18
21 72 7
21 73 18
21 74 4
21 75 16
21 76 19
21 77 9
21 78 10
21 79 1
21 80 13
21 81 13
21 82 18
21 83 5
21 84 18
21 85 4
21 86 6
21 87 13
21 88 10
21 89 5
21 90 8
21 91 12
21 92 10
21 93 6
21 94 11
21 95 17
21 96 2
21 97 19
21 98 10
21 99 1
22 23 4
22 24 16
22 25 7
22 26 1
22 27 9
22 28 13
22 29 18
22 30 13
22 31 6
22 32 16
22 33 6
22 34 11
22 35 14
22 36 1
22 37 11
22 38 13
22 39 16
22 40 1
22 41 6
22 42 16
22 43 4
22 44 12
22 45 4
22 46 10
22 47 4
22 48 5
22 49 16
22 50 3
22 51 1
22 52 11
22 53 17
22 54 15
22 55 13
22 56 17
22 57 7
22 58 18
22 59 19
22 60 17
22 61 18
22 62 18
22 63 6
22 64 18
22 65 16
22 66 18
22 67 19
22 68 15
22 69 1
22 70 5
22 71 16
22 72 7
22 73 6
22 74 8
22 75 16
22 76 12
22 77 1
22 78 15
22 79 3
22 80 15
22 81 6
22 82 11
22 83 16
22 84 7
22 85 15
22 86 1
22 87 9
22 88 7
22 89 2
22 90 12
22 91 14
22 92 18
22 93 18
22 94 3
22 95 18
22 96 1
22 97 16
22 98 7
22 99 19
23 24 9
23 25 2
23 26 9
23 27 18
23 28 17
23 29 5
23 30 15
23 31 19
23 32 18
23 33 15
23 34 2
23 35 7
23 36 15
23 37 16
23 38 4
23 39 3
23 40 3
23 41 15
23 42 19
23 43 12
23 44 13
23 45 1
23 46 15
23 47 18
23 48 3
23 49 4
23 50 14
23 51 10
23 52 2
23 53 16
23 54 18
23 55 16
23 56 5
23 57 4
23 58 3
23 59 18
23 60 17
23 61 8
23 62 8
23 63 17
23 64 15
23 65 19
23 66 16
23 67 7
23 68 19
23 69 11
23 70 16
23 71 19
23 72 9
23 73 13
23 74 9
23 75 3
23 76 12
23 77 14
23 78 15
23 79 13
23 80 9
23 81 2
23 82 17
23 83 18
23 84 7
23 85 5
23 86 16
23 87 3
23 88 18
23 89 8
23 90 17
23 91 1
23 92 15
23 93 11
23 94 6
23 95 8
23 96 4
23 97 1
23 98 1
23 99 8
24 25 11
24 26 19
24 27 8
24 28 7
24 29 16
24 30 3
24 31 17
24 32 6
24 33 19
24 34 12
24 35 18
24 36 1
24 37 15
24 38 10
24 39 3
24 40 15
24 41 13
24 42 6
24 43 2
24 44 4
24 45 14
24 46 12
24 47 18
24 48 9
24 49 17
24 50 6
24 51 14
24 52 10
24 53 2
24 54 8
24 55 8
24 56 12
24 57 10
24 58 19
24 59 18
24 60 18
24 61 3
24 62 14
24 63 7
24 64 9
24 65 19
24 66 16
24 67 3
24 68 19
24 69 11
24 70 17
24 71 11
24 72 4
24 73 16
24 74 13
24 75 12
24 76 11
24 77 3
24 78 6
24 79 8
24 80 17
24 81 16
24 82 18
24 83 5
24 84 11
24 85 13
24 86 7
24 87 9
24 88 14
24 89 11
24 90 7
24 91 5
24 92 17
24 93 15
24 94 7
24 95 5
24 96 6
24 97 16
24 98 13
24 99 3
25 26 6
25 27 13
25 28 1
25 29 19
25 30 5
25 31 11
25 32 3
25 33 4
25 34 8
25 35 8
25 36 2
25 37 10
25 38 12
25 39 7
25 40 12
25 41 13
25 42 7
25 43 7
25 44 15
25 45 3
25 46 16
25 47 3
25 48 8
25 49 2
25 50 8
25 51 14
25 52 3
25 53 16
25 54 3
25 55 16
25 56 5
25 57 9
25 58 9
25 59 9
25 60 8
25 61 10
25 62 16
25 63 13
25 64 8
25 65 10
25 66 5
25 67 14
25 68 10
25 69 10
25 70 2
25 71 6
25 72 14
25 73 18
25 74 7
25 75 4
25 76 16
25 77 18
25 78 19
25 79 5
25 80 4
25 81 18
25 82 7
25 83 4
25 84 10
25 85 16
25 86 10
25 87 16
25 88 3
25 89 13
25 90 8
25 91 6
25 92 11
25 93 12
25 94 12
25 95 14
25 96 13
25 97 4
25 98 6
25 99 13
26 27 13
26 28 14
26 29 19
26 30 17
26 31 14
26 32 10
26 33 18
26 34 6
26 35 11
26 36 16
26 37 2
26 38 17
26 39 11
26 40 18
26 41 5
26 42 13
26 43 12
26 44 3
26 45 14
26 46 2
26 47 8
26 48 5
26 49 7
26 50 19
26 51 15
26 52 11
26 53 2
26 54 10
26 55 12
26 56 19
26 57 13
26 58 18
26 59 13
26 60 14
26 61 14
26 62 1
26 63 6
26 64 7
26 65 1
26 66 11
26 67 15
26 68 10
26 69 7
26 70 4
26 71 1
26 72 6
26 73 18
26 74 6
26 75 15
26 76 15
26 77 12
26 78 7
26 79 7
26 80 15
26 81 13
26 82 7
26 83 1
26 84 4
26 85 3
26 86 5
26 87 3
26 88 15
26 89 15
26 90 13
26 91 8
26 92 8
26 93 3
26 94 4
26 95 14
26 96 1
26 97 19
26 98 10
26 99 12
27 28 6
27 29 1
27 30 19
27 31 19
27 32 3
27 33 16
27 34 6
27 35 9
27 36 9
27 37 2
27 38 11
27 39 19
27 40 7
27 41 11
27 42 2
27 43 2
27 44 12
27 45 19
27 46 6
27 47 7
27 48 15
27 49 13
27 50 18
27 51 11
27 52 2
27 53 9
27 54 14
27 55 6
27 56 9
27 57 7
27 58 6
27 59 3
27 60 11
27 61 14
27 62 6
27 63 12
27 64 18
27 65 2
27 66 9
27 67 12
27 68 15
27 69 8
27 70 8
27 71 5
27 72 11
27 73 9
27 74 2
27 75 19
27 76 2
27 77 13
27 78 14
27 79 2
27 80 15
27 81 15
27 82 6
27 83 6
27 84 17
27 85 9
27 86 14
27 87 18
27 88 14
27 89 1
27 90 19
27 91 11
27 92 12
27 93 19
27 94 8
27 95 19
27 96 18
27 97 11
27 98 6
27 99 6
28 29 2
28 30 16
28 31 2
28 32 5
28 33 11
28 34 1
28 35 11
28 36 4
28 37 2
28 38 16
28 39 17
28 40 19
28 41 8
28 42 11
28 43 11
28 44 18
28 45 7
28 46 18
28 47 19
28 48 8
28 49 10
28 50 1
28 51 18
28 52 10
28 53 3
28 54 6
28 55 7
28 56 5
28 57 13
28 58 1
28 59 5
28 60 16
28 61 3
28 62 1
28 63 9
28 64 12
28 65 9
28 66 3
28 67 18
28 68 1
28 69 1
28 70 12
28 71 14
28 72 2
28 73 7
28 74 6
28 75 18
28 76 6
28 77 5
28 78 7
28 79 12
28 80 3
28 81 12
28 82 17
28 83 6
28 84 4
28 85 13
28 86 8
28 87 13
28 88 5
28 89 3
28 90 6
28 91 4
28 92 12
28 93 3
28 94 7
28 95 7
28 96 3
28 97 4
28 98 5
28 99 19
29 30 12
29 31 9
29 32 16
29 33 9
29 34 11
29 35 8
29 36 19
29 37 5
29 38 11
29 39 3
29 40 17
29 41 9
29 42 3
29 43 5
29 44 18
29 45 10
29 46 19
29 47 6
29 48 10
29 49 4
29 50 4
29 51 2
29 52 1
29 53 6
29 54 4
29 55 4
29 56 5
29 57 13
29 58 19
29 59 9
29 60 11
29 61 4
29 62 3
29 63 3
29 64 9
29 65 1
29 66 17
29 67 8
29 68 17
29 69 6
29 70 18
29 71 2
29 72 2
29 73 2
29 74 1
29 75 4
29 76 18
29 77 6
29 78 4
29 79 8
29 80 17
29 81 11
29 82 18
29 83 14
29 84 16
29 85 13
29 86 16
29 87 3
29 88 4
29 89 1
29 90 17
29 91 8
29 92 12
29 93 2
29 94 12
29 95 14
29 96 5
29 97 4
29 98 18
29 99 11
30 31 6
30 32 7
30 33 8
30 34 18
30 35 18
30 36 3
30 37 12
30 38 17
30 39 10
30 40 13
30 41 18
30 42 9
30 43 17
30 44 14
30 45 17
30 46 4
30 47 3
30 48 18
30 49 9
30 50 17
30 51 2
30 52 16
30 53 5
30 54 3
30 55 16
30 56 14
30 57 19
30 58 1
30 59 17
30 60 13
30 61 11
30 62 8
30 63 6
30 64 8
30 65 10
30 66 7
30 67 10
30 68 17
30 69 6
30 70 9
30 71 3
30 72 16
30 73 12
30 74 12
30 75 19
30 76 19
30 77 15
30 78 9
30 79 14
30 80 9
30 81 1
30 82 8
30 83 19
30 84 2
30 85 18
30 86 7
30 87 4
30 88 3
30 89 6
30 90 11
30 91 14
30 92 12
30 93 3
30 94 15
30 95 19
30 96 8
30 97 5
30 98 3
30 99 19
31 32 3
31 33 10
31 34 3
31 35 14
31 36 16
31 37 9
31 38 8
31 39 9
31 40 17
31 41 19
31 42 1
31 43 9
31 44 5
31 45 1
31 46 5
31 47 9
31 48 15
31 49 6
31 50 15
31 51 8
31 52 4
31 53 18
31 54 17
31 55 4
31 56 19
31 57 3
31 58 19
31 59 13
31 60 16
31 61 10
31 62 6
31 63 6
31 64 11
31 65 13
31 66 2
31 67 12
31 68 14
31 69 3
31 70 5
31 71 15
31 72 17
31 73 4
31 74 1
31 75 7
31 76 3
31 77 18
31 78 1
31 79 18
31 80 3
31 81 5
31 82 2
31 83 12
31 84 12
31 85 17
31 86 4
31 87 6
31 88 14
31 89 8
31 90 4
31 91 5
31 92 15
31 93 13
31 94 2
31 95 8
31 96 9
31 97 8
31 98 4
31 99 19
32 33 16
32 34 16
32 35 2
32 36 14
32 37 5
32 38 6
32 39 12
32 40 5
32 41 9
32 42 6
32 43 13
32 44 13
32 45 9
32 46 17
32 47 8
32 48 10
32 49 14
32 50 2
32 51 14
32 52 6
32 53 1
32 54 8
32 55 18
32 56 11
32 57 14
32 58 2
32 59 19
32 60 9
32 61 17
32 62 1
32 63 5
32 64 18
32 65 12
32 66 1
32 67 14
32 68 17
32 69 11
32 70 2
32 71 19
32 72 12
32 73 11
32 74 11
32 75 5
32 76 7
32 77 7
32 78 5
32 79 7
32 80 13
32 81 14
32 82 4
32 83 13
32 84 5
32 85 12
32 86 1
32 87 2
32 88 1
32 89 7
32 90 8
32 91 7
32 92 19
32 93 13
32 94 10
32 95 4
32 96 12
32 97 5
32 98 2
32 99 1
33 34 5
33 35 14
33 36 8
33 37 15
33 38 3
33 39 13
33 40 16
33 41 4
33 42 6
33 43 13
33 44 12
33 45 3
33 46 18
33 47 4
33 48 12
33 49 19
33 50 16
33 51 8
33 52 19
33 53 11
33 54 2
33 55 1
33 56 19
33 57 2
33 58 4
33 59 18
33 60 11
33 61 13
33 62 10
33 63 12
33 64 9
33 65 12
33 66 3
33 67 10
33 68 19
33 69 8
33 70 19
33 71 8
33 72 2
33 73 13
33 74 4
33 75 19
33 76 17
33 77 9
33 78 8
33 79 9
33 80 6
33 81 16
33 82 10
33 83 11
33 84 11
33 85 4
33 86 12
33 87 18
33 88 14
33 89 19
33 90 15
33 91 16
33 92 8
33 93 17
33 94 13
33 95 10
33 96 10
33 97 12
33 98 19
33 99 15
34 35 11
34 36 14
34 37 6
34 38 3
34 39 19
34 40 9
34 41 12
34 42 8
34 43 16
34 44 14
34 45 1
34 46 10
34 47 9
34 48 11
34 49 2
34 50 8
34 51 10
34 52 7
34 53 6
34 54 12
34 55 17
34 56 7
34 57 6
34 58 12
34 59 18
34 60 10
34 61 7
34 62 18
34 63 13
34 64 9
34 65 11
34 66 16
34 67 11
34 68 19
34 69 11
34 70 19
34 71 13
34 72 11
34 73 4
34 74 4
34 75 7
34 76 17
34 77 9
34 78 15
34 79 2
34 80 17
34 81 18
34 82 13
34 83 9
34 84 14
34 85 4
34 86 15
34 87 19
34 88 18
34 89 3
34 90 3
34 91 6
34 92 9
34 93 19
34 94 19
34 95 5
34 96 10
34 97 4
34 98 13
34 99 1
35 36 12
35 37 11
35 38 16
35 39 1
35 40 7
35 41 14
35 42 3
35 43 2
35 44 15
35 45 19
35 46 19
35 47 8
35 48 13
35 49 4
35 50 3
35 51 9
35 52 6
35 53 2
35 54 16
35 55 8
35 56 17
35 57 13
35 58 14
35 59 15
35 60 5
35 61 7
35 62 8
35 63 4
35 64 4
35 65 18
35 66 18
35 67 13
35 68 6
35 69 19
35 70 16
35 71 2
35 72 11
35 73 16
35 74 3
35 75 13
35 76 8
35 77 19
35 78 7
35 79 19
35 80 18
35 81 2
35 82 8
35 83 3
35 84 5
35 85 1
35 86 9
35 87 4
35 88 3
35 89 3
35 90 11
35 91 1
35 92 13
35 93 12
35 94 1
35 95 6
35 96 16
35 97 18
35 98 6
35 99 12
36 37 10
36 38 14
36 39 18
36 40 19
36 41 14
36 42 6
36 43 18
36 44 9
36 45 8
36 46 12
36 47 2
36 48 3
36 49 8
36 50 17
36 51 12
36 52 11
36 53 16
36 54 2
36 55 12
36 56 1
36 57 4
36 58 7
36 59 1
36 60 19
36 61 5
36 62 15
36 63 7
36 64 14
36 65 3
36 66 7
36 67 9
36 68 18
36 69 12
36 70 2
36 71 18
36 72 7
36 73 3
36 74 11
36 75 5
36 76 13
36 77 6
36 78 6
36 79 1
36 80 15
36 81 4
36 82 9
36 83 13
36 84 18
36 85 9
36 86 2
36 87 2
36 88 11
36 89 9
36 90 11
36 91 9
36 92 18
36 93 3
36 94 17
36 95 14
36 96 9
36 97 16
36 98 1
36 99 8
37 38 2
37 39 2
37 40 1
37 41 2
37 42 17
37 43 19
37 44 15
37 45 10
37 46 18
37 47 3
37 48 16
37 49 19
37 50 17
37 51 11
37 52 6
37 53 19
37 54 13
37 55 17
37 56 14
37 57 9
37 58 10
37 59 11
37 60 9
37 61 1
37 62 6
37 63 11
37 64 10
37 65 5
37 66 8
37 67 3
37 68 7
37 69 7
37 70 2
37 71 19
37 72 6
37 73 4
37 74 19
37 75 17
37 76 6
37 77 10
37 78 19
37 79 18
37 80 15
37 81 10
37 82 19
37 83 4
37 84 14
37 85 8
37 86 18
37 87 11
37 88 16
37 89 18
37 90 7
37 91 11
37 92 14
37 93 16
37 94 7
37 95 2
37 96 1
37 97 3
37 98 17
37 99 16
38 39 7
38 40 4
38 41 13
38 42 19
38 43 19
38 44 12
38 45 14
38 46 15
38 47 19
38 48 7
38 49 6
38 50 17
38 51 14
38 52 17
38 53 18
38 54 1
38 55 3
38 56 16
38 57 10
38 58 18
38 59 4
38 60 7
38 61 19
38 62 7
38 63 13
38 64 18
38 65 2
38 66 16
38 67 14
38 68 13
38 69 5
38 70 8
38 71 18
38 72 13
38 73 7
38 74 12
38 75 18
38 76 15
38 77 9
38 78 16
38 79 15
38 80 4
38 81 2
38 82 19
38 83 5
38 84 17
38 85 15
38 86 2
38 87 9
38 88 9
38 89 6
38 90 3
38 91 5
38 92 11
38 93 2
38 94 10
38 95 2
38 96 2
38 97 8
38 98 19
38 99 14
39 40 11
39 41 7
39 42 16
39 43 12
39 44 4
39 45 3
39 46 13
39 47 9
39 48 2
39 49 7
39 50 1
39 51 11
39 52 14
39 53 14
39 54 17
39 55 18
39 56 19
39 57 8
39 58 13
39 59 3
39 60 4
39 61 11
39 62 17
39 63 18
39 64 1
39 65 17
39 66 18
39 67 15
39 68 1
39 69 9
39 70 16
39 71 6
39 72 19
39 73 15
39 74 10
39 75 7
39 76 15
39 77 15
39 78 12
39 79 12
39 80 18
39 81 11
39 82 18
39 83 8
39 84 9
39 85 18
39 86 2
39 87 1
39 88 5
39 89 8
39 90 1
39 91 7
39 92 6
39 93 18
39 94 7
39 95 1
39 96 15
39 97 15
39 98 6
39 99 11
40 41 7
40 42 13
40 43 18
40 44 13
40 45 13
40 46 19
40 47 5
40 48 1
40 49 6
40 50 8
40 51 9
40 52 19
40 53 8
40 54 17
40 55 9
40 56 16
40 57 1
40 58 15
40 59 19
40 60 14
40 61 6
40 62 2
40 63 9
40 64 19
40 65 18
40 66 11
40 67 7
40 68 13
40 69 13
40 70 5
40 71 10
40 72 15
40 73 14
40 74 9
40 75 1
40 76 18
40 77 3
40 78 3
40 79 16
40 80 10
40 81 19
40 82 11
40 83 18
40 84 3
40 85 14
40 86 8
40 87 1
40 88 18
40 89 11
40 90 9
40 91 15
40 92 8
40 93 1
40 94 19
40 95 7
40 96 2
40 97 3
40 98 16
40 99 19
41 42 4
41 43 7
41 44 4
41 45 13
41 46 5
41 47 2
41 48 14
41 49 5
41 50 4
41 51 17
41 52 3
41 53 5
41 54 1
41 55 10
41 56 8
41 57 16
41 58 16
41 59 7
41 60 10
41 61 11
41 62 4
41 63 11
41 64 9
41 65 12
41 66 10
41 67 8
41 68 6
41 69 12
41 70 14
41 71 15
41 72 8
41 73 4
41 74 13
41 75 18
41 76 10
41 77 10
41 78 5
41 79 12
41 80 1
41 81 14
41 82 16
41 83 19
41 84 15
41 85 13
41 86 2
41 87 8
41 88 11
41 89 15
41 90 9
41 91 17
41 92 11
41 93 19
41 94 15
41 95 15
41 96 6
41 97 19
41 98 7
41 99 2
42 43 5
42 44 10
42 45 13
42 46 7
42 47 6
42 48 19
42 49 2
42 50 6
42 51 3
42 52 16
42 53 10
42 54 4
42 55 8
42 56 14
42 57 12
42 58 18
42 59 9
42 60 12
42 61 2
42 62 6
42 63 12
42 64 16
42 65 14
42 66 6
42 67 16
42 68 8
42 69 9
42 70 11
42 71 2
42 72 12
42 73 10
42 74 7
42 75 14
42 76 4
42 77 5
42 78 1
42 79 17
42 80 8
42 81 10
42 82 15
42 83 6
42 84 12
42 85 2
42 86 5
42 87 6
42 88 7
42 89 1
42 90 2
42 91 6
42 92 3
42 93 2
42 94 6
42 95 14
42 96 11
42 97 18
42 98 16
42 99 1
43 44 11
43 45 6
43 46 1
43 47 7
43 48 3
43 49 12
43 50 19
43 51 17
43 52 2
43 53 7
43 54 7
43 55 10
43 56 17
43 57 17
43 58 9
43 59 19
43 60 6
43 61 14
43 62 19
43 63 12
43 64 5
43 65 14
43 66 7
43 67 19
43 68 8
43 69 19
43 70 4
43 71 2
43 72 15
43 73 12
43 74 3
43 75 7
43 76 18
43 77 1
43 78 6
43 79 6
43 80 7
43 81 12
43 82 12
43 83 11
43 84 3
43 85 14
43 86 5
43 87 18
43 88 13
43 89 2
43 90 8
43 91 14
43 92 19
43 93 8
43 94 2
43 95 10
43 96 5
43 97 15
43 98 3
43 99 3
44 45 7
44 46 4
44 47 2
44 48 2
44 49 10
44 50 4
44 51 10
44 52 13
44 53 5
44 54 11
44 55 1
44 56 15
44 57 5
44 58 1
44 59 10
44 60 15
44 61 15
44 62 13
44 63 1
44 64 10
44 65 6
44 66 11
44 67 9
44 68 19
44 69 9
44 70 13
44 71 17
44 72 8
44 73 3
44 74 16
44 75 17
44 76 1
44 77 13
44 78 18
44 79 6
44 80 13
44 81 4
44 82 5
44 83 9
44 84 19
44 85 8
44 86 15
44 87 13
44 88 14
44 89 10
44 90 11
44 91 16
44 92 4
44 93 6
44 94 13
44 95 11
44 96 10
44 97 17
44 98 11
44 99 16
45 46 5
45 47 7
45 48 10
45 49 2
45 50 4
45 51 10
45 52 5
45 53 4
45 54 4
45 55 4
45 56 3
45 57 6
45 58 12
45 59 15
45 60 6
45 61 9
45 62 14
45 63 8
45 64 15
45 65 12
45 66 4
45 67 2
45 68 18
45 69 11
45 70 7
45 71 7
45 72 1
45 73 16
45 74 4
45 75 2
45 76 18
45 77 5
45 78 16
45 79 11
45 80 6
45 81 17
45 82 15
45 83 11
45 84 14
45 85 4
45 86 2
45 87 17
45 88 14
45 89 11
45 90 16
45 91 5
45 92 14
45 93 9
45 94 1
45 95 3
45 96 14
45 97 2
45 98 6
45 99 19
46 47 7
46 48 7
46 49 16
46 50 3
46 51 14
46 52 6
46 53 11
46 54 10
46 55 10
46 56 17
46 57 1
46 58 14
46 59 11
46 60 10
46 61 4
46 62 2
46 63 14
46 64 4
46 65 6
46 66 10
46 67 2
46 68 13
46 69 4
46 70 6
46 71 14
46 72 14
46 73 17
46 74 7
46 75 17
46 76 7
46 77 10
46 78 7
46 79 11
46 80 7
46 81 2
46 82 12
46 83 14
46 84 7
46 85 5
46 86 18
46 87 5
46 88 11
46 89 9
46 90 1
46 91 9
46 92 2
46 93 15
46 94 2
46 95 7
46 96 3
46 97 3
46 98 6
46 99 5
47 48 5
47 49 8
47 50 14
47 51 13
47 52 9
47 53 7
47 54 14
47 55 6
47 56 17
47 57 12
47 58 14
47 59 7
47 60 18
47 61 19
47 62 16
47 63 17
47 64 7
47 65 19
47 66 10
47 67 14
47 68 16
47 69 5
47 70 1
47 71 11
47 72 16
47 73 18
47 74 10
47 75 17
47 76 5
47 77 4
47 78 2
47 79 19
47 80 4
47 81 7
47 82 11
47 83 9
47 84 14
47 85 9
47 86 4
47 87 1
47 88 11
47 89 10
47 90 7
47 91 2
47 92 4
47 93 3
47 94 11
47 95 19
47 96 8
47 97 13
47 98 17
47 99 16
48 49 1
48 50 1
48 51 14
48 52 2
48 53 12
48 54 13
48 55 5
48 56 2
48 57 6
48 58 13
48 59 8
48 60 8
48 61 7
48 62 15
48 63 12
48 64 15
48 65 9
48 66 8
48 67 4
48 68 8
48 69 19
48 70 18
48 71 4
48 72 2
48 73 2
48 74 12
48 75 5
48 76 7
48 77 12
48 78 10
48 79 4
48 80 4
48 81 10
48 82 9
48 83 18
48 84 3
48 85 13
48 86 13
48 87 1
48 88 6
48 89 6
48 90 13
48 91 12
48 92 11
48 93 18
48 94 13
48 95 14
48 96 5
48 97 12
48 98 10
48 99 6
49 50 1
49 51 6
49 52 17
49 53 4
49 54 7
49 55 14
49 56 18
49 57 4
49 58 7
49 59 9
49 60 15
49 61 17
49 62 7
49 63 18
49 64 18
49 65 7
49 66 10
49 67 15
49 68 4
49 69 13
49 70 5
49 71 5
49 72 3
49 73 4
49 74 17
49 75 18
49 76 9
49 77 13
49 78 12
49 79 2
49 80 5
49 81 9
49 82 2
49 83 13
49 84 5
49 85 10
49 86 6
49 87 11
49 88 10
49 89 16
49 90 12
49 91 13
49 92 3
49 93 19
49 94 1
49 95 14
49 96 2
49 97 9
49 98 16
49 99 9
50 51 18
50 52 14
50 53 2
50 54 9
50 55 11
50 56 3
50 57 1
50 58 12
50 59 4
50 60 8
50 61 2
50 62 3
50 63 17
50 64 18
50 65 15
50 66 13
50 67 5
50 68 16
50 69 15
50 70 14
50 71 14
50 72 12
50 73 9
50 74 11
50 75 2
50 76 9
50 77 4
50 78 8
50 79 7
50 80 4
50 81 11
50 82 8
50 83 16
50 84 2
50 85 9
50 86 17
50 87 6
50 88 4
50 89 14
50 90 14
50 91 2
50 92 6
50 93 17
50 94 8
50 95 12
50 96 17
50 97 3
50 98 8
50 99 19
51 52 11
51 53 14
51 54 9
51 55 5
51 56 3
51 57 1
51 58 17
51 59 17
51 60 11
51 61 7
51 62 18
51 63 2
51 64 8
51 65 7
51 66 18
51 67 14
51 68 9
51 69 13
51 70 12
51 71 11
51 72 16
51 73 11
51 74 10
51 75 6
51 76 3
51 77 9
51 78 8
51 79 13
51 80 10
51 81 11
51 82 12
51 83 7
51 84 15
51 85 18
51 86 13
51 87 1
51 88 16
51 89 17
51 90 3
51 91 13
51 92 15
51 93 8
51 94 19
51 95 4
51 96 3
51 97 14
51 98 17
51 99 2
52 53 14
52 54 11
52 55 6
52 56 13
52 57 13
52 58 5
52 59 6
52 60 17
52 61 12
52 62 11
52 63 13
52 64 3
52 65 10
52 66 9
52 67 7
52 68 17
52 69 16
52 70 5
52 71 6
52 72 10
52 73 8
52 74 6
52 75 11
52 76 12
52 77 19
52 78 7
52 79 10
52 80 17
52 81 2
52 82 7
52 83 15
52 84 15
52 85 9
52 86 7
52 87 12
52 88 4
52 89 7
52 90 16
52 91 16
52 92 5
52 93 8
52 94 13
52 95 7
52 96 11
52 97 17
52 98 14
52 99 18
53 54 13
53 55 19
53 56 8
53 57 19
53 58 18
53 59 18
53 60 6
53 61 7
53 62 6
53 63 12
53 64 3
53 65 11
53 66 16
53 67 2
53 68 9
53 69 4
53 70 19
53 71 18
53 72 6
53 73 12
53 74 16
53 75 15
53 76 14
53 77 11
53 78 1
53 79 3
53 80 4
53 81 14
53 82 18
53 83 2
53 84 6
53 85 10
53 86 2
53 87 9
53 88 11
53 89 11
53 90 13
53 91 16
53 92 1
53 93 5
53 94 3
53 95 14
53 96 19
53 97 10
53 98 15
53 99 14
54 55 4
54 56 13
54 57 7
54 58 16
54 59 10
54 60 17
54 61 6
54 62 12
54 63 18
54 64 12
54 65 13
54 66 10
54 67 15
54 68 7
54 69 10
54 70 19
54 71 3
54 72 15
54 73 18
54 74 4
54 75 6
54 76 7
54 77 9
54 78 2
54 79 14
54 80 12
54 81 8
54 82 10
54 83 13
54 84 16
54 85 7
54 86 13
54 87 4
54 88 12
54 89 9
54 90 3
54 91 16
54 92 1
54 93 15
54 94 9
54 95 13
54 96 4
54 97 12
54 98 4
54 99 12
55 56 10
55 57 7
55 58 1
55 59 10
55 60 13
55 61 3
55 62 8
55 63 9
55 64 7
55 65 1
55 66 1
55 67 12
55 68 5
55 69 17
55 70 15
55 71 18
55 72 12
55 73 12
55 74 13
55 75 8
55 76 12
55 77 18
55 78 14
55 79 13
55 80 8
55 81 3
55 82 1
55 83 3
55 84 18
55 85 16
55 86 6
55 87 18
55 88 13
55 89 14
55 90 16
55 91 15
55 92 3
55 93 17
55 94 5
55 95 11
55 96 10
55 97 15
55 98 6
55 99 19
56 57 6
56 58 15
56 59 13
56 60 3
56 61 13
56 62 4
56 63 8
56 64 1
56 65 11
56 66 5
56 67 17
56 68 2
56 69 1
56 70 12
56 71 5
56 72 7
56 73 18
56 74 13
56 75 19
56 76 16
56 77 12
56 78 18
56 79 17
56 80 19
56 81 18
56 82 15
56 83 19
56 84 13
56 85 4
56 86 17
56 87 9
56 88 10
56 89 19
56 90 6
56 91 8
56 92 13
56 93 3
56 94 17
56 95 4
56 96 10
56 97 15
56 98 8
56 99 18
57 58 16
57 59 11
57 60 12
57 61 8
57 62 17
57 63 17
57 64 8
57 65 11
57 66 19
57 67 1
57 68 10
57 69 5
57 70 15
57 71 11
57 72 6
57 73 19
57 74 18
57 75 11
57 76 9
57 77 7
57 78 6
57 79 1
57 80 14
57 81 9
57 82 6
57 83 7
57 84 5
57 85 7
57 86 10
57 87 13
57 88 17
57 89 10
57 90 2
57 91 17
57 92 11
57 93 9
57 94 6
57 95 18
57 96 13
57 97 11
57 98 3
57 99 8
58 59 13
58 60 19
58 61 7
58 62 2
58 63 4
58 64 11
58 65 5
58 66 1
58 67 10
58 68 19
58 69 11
58 70 3
58 71 2
58 72 7
58 73 1
58 74 12
58 75 9
58 76 13
58 77 12
58 78 1
58 79 11
58 80 10
58 81 2
58 82 13
58 83 13
58 84 12
58 85 10
58 86 6
58 87 12
58 88 8
58 89 15
58 90 17
58 91 4
58 92 18
58 93 11
58 94 5
58 95 14
58 96 1
58 97 4
58 98 19
58 99 17
59 60 7
59 61 7
59 62 9
59 63 13
59 64 1
59 65 9
59 66 7
59 67 13
59 68 7
59 69 14
59 70 4
59 71 1
59 72 3
59 73 4
59 74 19
59 75 8
59 76 18
59 77 18
59 78 4
59 79 9
59 80 3
59 81 8
59 82 9
59 83 18
59 84 16
59 85 3
59 86 18
59 87 8
59 88 14
59 89 17
59 90 12
59 91 8
59 92 13
59 93 12
59 94 12
59 95 1
59 96 9
59 97 16
59 98 5
59 99 1
60 61 7
60 62 10
60 63 13
60 64 11
60 65 15
60 66 15
60 67 17
60 68 3
60 69 7
60 70 16
60 71 8
60 72 16
60 73 10
60 74 3
60 75 6
60 76 19
60 77 1
60 78 10
60 79 2
60 80 10
60 81 16
60 82 8
60 83 9
60 84 6
60 85 3
60 86 15
60 87 6
60 88 4
60 89 9
60 90 10
60 91 16
60 92 11
60 93 6
60 94 17
60 95 13
60 96 7
60 97 15
60 98 7
60 99 6
61 62 3
61 63 7
61 64 19
61 65 3
61 66 8
61 67 15
61 68 15
61 69 11
61 70 3
61 71 16
61 72 15
61 73 4
61 74 19
61 75 7
61 76 8
61 77 19
61 78 5
61 79 7
61 80 12
61 81 17
61 82 1
61 83 9
61 84 4
61 85 3
61 86 4
61 87 13
61 88 10
61 89 12
61 90 5
61 91 9
61 92 18
61 93 16
61 94 6
61 95 18
61 96 1
61 97 9
61 98 5
61 99 15
62 63 2
62 64 4
62 65 11
62 66 16
62 67 16
62 68 3
62 69 2
62 70 7
62 71 4
62 72 12
62 73 4
62 74 7
62 75 6
62 76 16
62 77 1
62 78 16
62 79 4
62 80 7
62 81 7
62 82 18
62 83 12
62 84 19
62 85 1
62 86 14
62 87 15
62 88 18
62 89 8
62 90 8
62 91 5
62 92 10
62 93 19
62 94 6
62 95 10
62 96 19
62 97 1
62 98 3
62 99 3
63 64 16
63 65 4
63 66 5
63 67 12
63 68 19
63 69 7
63 70 9
63 71 19
63 72 9
63 73 2
63 74 7
63 75 19
63 76 6
63 77 5
63 78 14
63 79 19
63 80 5
63 81 6
63 82 2
63 83 17
63 84 7
63 85 19
63 86 7
63 87 12
63 88 1
63 89 2
63 90 1
63 91 17
63 92 15
63 93 14
63 94 16
63 95 2
63 96 15
63 97 4
63 98 3
63 99 13
64 65 9
64 66 19
64 67 14
64 68 15
64 69 7
64 70 16
64 71 1
64 72 1
64 73 1
64 74 14
64 75 11
64 76 12
64 77 4
64 78 13
64 79 17
64 80 17
64 81 9
64 82 16
64 83 7
64 84 17
64 85 5
64 86 12
64 87 5
64 88 9
64 89 16
64 90 10
64 91 15
64 92 1
64 93 12
64 94 11
64 95 14
64 96 6
64 97 15
64 98 11
64 99 1
65 66 6
65 67 17
65 68 5
65 69 18
65 70 8
65 71 8
65 72 12
65 73 18
65 74 17
65 75 17
65 76 17
65 77 10
65 78 6
65 79 14
65 80 15
65 81 6
65 82 15
65 83 13
65 84 2
65 85 1
65 86 5
65 87 10
65 88 4
65 89 16
65 90 5
65 91 12
65 92 19
65 93 12
65 94 2
65 95 4
65 96 12
65 97 16
65 98 9
65 99 9
66 67 2
66 68 1
66 69 11
66 70 3
66 71 17
66 72 7
66 73 5
66 74 9
66 75 5
66 76 7
66 77 18
66 78 4
66 79 3
66 80 1
66 81 13
66 82 11
66 83 18
66 84 5
66 85 6
66 86 6
66 87 13
66 88 16
66 89 13
66 90 3
66 91 14
66 92 18
66 93 5
66 94 6
66 95 16
66 96 2
66 97 2
66 98 13
66 99 3
67 68 6
67 69 3
67 70 18
67 71 16
67 72 11
67 73 14
67 74 17
67 75 12
67 76 19
67 77 1
67 78 18
67 79 16
67 80 15
67 81 3
67 82 10
67 83 5
67 84 10
67 85 5
67 86 10
67 87 17
67 88 7
67 89 11
67 90 4
67 91 14
67 92 4
67 93 15
67 94 8
67 95 12
67 96 15
67 97 8
67 98 15
67 99 19
68 69 3
68 70 19
68 71 1
68 72 8
68 73 10
68 74 17
68 75 7
68 76 8
68 77 16
68 78 18
68 79 16
68 80 18
68 81 4
68 82 9
68 83 16
68 84 13
68 85 18
68 86 13
68 87 1
68 88 17
68 89 7
68 90 7
68 91 3
68 92 3
68 93 10
68 94 15
68 95 14
68 96 16
68 97 14
68 98 17
68 99 7
69 70 8
69 71 1
69 72 7
69 73 4
69 74 15
69 75 19
69 76 18
69 77 15
69 78 12
69 79 18
69 80 17
69 81 2
69 82 11
69 83 4
69 84 4
69 85 9
69 86 16
69 87 10
69 88 1
69 89 5
69 90 10
69 91 4
69 92 13
69 93 6
69 94 6
69 95 11
69 96 10
69 97 13
69 98 15
69 99 7
70 71 6
70 72 15
70 73 6
70 74 5
70 75 7
70 76 18
70 77 16
70 78 11
70 79 16
70 80 15
70 81 7
70 82 8
70 83 4
70 84 18
70 85 12
70 86 10
70 87 19
70 88 5
70 89 11
70 90 14
70 91 9
70 92 8
70 93 7
70 94 10
70 95 13
70 96 10
70 97 14
70 98 10
70 99 6
71 72 15
71 73 4
71 74 19
71 75 17
71 76 15
71 77 10
71 78 8
71 79 13
71 80 12
71 81 9
71 82 18
71 83 10
71 84 17
71 85 17
71 86 3
71 87 14
71 88 2
71 89 14
71 90 11
71 91 8
71 92 19
71 93 15
71 94 11
71 95 3
71 96 10
71 97 1
71 98 8
71 99 10
72 73 2
72 74 3
72 75 15
72 76 2
72 77 15
72 78 16
72 79 16
72 80 10
72 81 12
72 82 4
72 83 3
72 84 2
72 85 17
72 86 13
72 87 13
72 88 13
72 89 7
72 90 10
72 91 16
72 92 3
72 93 15
72 94 7
72 95 17
72 96 18
72 97 3
72 98 13
72 99 3
73 74 2
73 75 12
73 76 16
73 77 2
73 78 7
73 79 10
73 80 17
73 81 1
73 82 8
73 83 2
73 84 19
73 85 12
73 86 17
73 87 8
73 88 14
73 89 17
73 90 15
73 91 9
73 92 10
73 93 16
73 94 12
73 95 6
73 96 15
73 97 16
73 98 10
73 99 5
74 75 16
74 76 17
74 77 3
74 78 14
74 79 12
74 80 13
74 81 8
74 82 13
74 83 3
74 84 8
74 85 13
74 86 5
74 87 7
74 88 7
74 89 1
74 90 17
74 91 13
74 92 10
74 93 14
74 94 15
74 95 18
74 96 7
74 97 16
74 98 3
74 99 19
75 76 16
75 77 7
75 78 7
75 79 9
75 80 9
75 81 13
75 82 3
75 83 5
75 84 10
75 85 15
75 86 10
75 87 7
75 88 14
75 89 1
75 90 11
75 91 6
75 92 15
75 93 2
75 94 9
75 95 18
75 96 13
75 97 7
75 98 6
75 99 3
76 77 1
76 78 10
76 79 12
76 80 19
76 81 2
76 82 18
76 83 1
76 84 14
76 85 18
76 86 1
76 87 13
76 88 14
76 89 18
76 90 19
76 91 15
76 92 7
76 93 2
76 94 1
76 95 12
76 96 2
76 97 10
76 98 19
76 99 16
77 78 4
77 79 12
77 80 14
77 81 9
77 82 2
77 83 14
77 84 17
77 85 14
77 86 14
77 87 15
77 88 6
77 89 18
77 90 8
77 91 1
77 92 7
77 93 15
77 94 3
77 95 5
77 96 3
77 97 4
77 98 14
77 99 10
78 79 13
78 80 6
78 81 4
78 82 10
78 83 18
78 84 16
78 85 3
78 86 17
78 87 1
78 88 1
78 89 4
78 90 4
78 91 15
78 92 12
78 93 16
78 94 10
78 95 11
78 96 4
78 97 14
78 98 16
78 99 17
79 80 7
79 81 14
79 82 5
79 83 15
79 84 4
79 85 16
79 86 7
79 87 2
79 88 9
79 89 5
79 90 18
79 91 16
79 92 14
79 93 10
79 94 15
79 95 3
79 96 3
79 97 11
79 98 14
79 99 12
80 81 10
80 82 12
80 83 4
80 84 10
80 85 14
80 86 5
80 87 15
80 88 13
80 89 19
80 90 13
80 91 18
80 92 19
80 93 8
80 94 9
80 95 9
80 96 14
80 97 16
80 98 11
80 99 5
81 82 16
81 83 15
81 84 11
81 85 18
81 86 5
81 87 19
81 88 5
81 89 7
81 90 17
81 91 7
81 92 9
81 93 6
81 94 17
81 95 6
81 96 8
81 97 19
81 98 18
81 99 4
82 83 5
82 84 13
82 85 4
82 86 6
82 87 16
82 88 9
82 89 2
82 90 1
82 91 15
82 92 9
82 93 8
82 94 8
82 95 4
82 96 16
82 97 12
82 98 7
82 99 3
83 84 13
83 85 17
83 86 2
83 87 3
83 88 5
83 89 14
83 90 12
83 91 2
83 92 17
83 93 13
83 94 17
83 95 15
83 96 5
83 97 13
83 98 3
83 99 15
84 85 2
84 86 14
84 87 10
84 88 16
84 89 12
84 90 11
84 91 14
84 92 8
84 93 6
84 94 15
84 95 11
84 96 11
84 97 18
84 98 10
84 99 5
85 86 10
85 87 12
85 88 17
85 89 19
85 90 1
85 91 10
85 92 14
85 93 17
85 94 7
85 95 1
85 96 12
85 97 19
85 98 6
85 99 13
86 87 3
86 88 13
86 89 15
86 90 18
86 91 13
86 92 2
86 93 4
86 94 16
86 95 1
86 96 15
86 97 11
86 98 1
86 99 4
87 88 12
87 89 14
87 90 14
87 91 4
87 92 5
87 93 10
87 94 5
87 95 9
87 96 8
87 97 8
87 98 4
87 99 17
88 89 16
88 90 7
88 91 19
88 92 18
88 93 2
88 94 16
88 95 16
88 96 2
88 97 2
88 98 16
88 99 12
89 90 12
89 91 1
89 92 15
89 93 6
89 94 1
89 95 13
89 96 18
89 97 19
89 98 13
89 99 14
90 91 15
90 92 5
90 93 17
90 94 15
90 95 11
90 96 4
90 97 6
90 98 11
90 99 17
91 92 4
91 93 3
91 94 10
91 95 18
91 96 16
91 97 11
91 98 15
91 99 10
92 93 10
92 94 6
92 95 10
92 96 13
92 97 16
92 98 14
92 99 5
93 94 3
93 95 15
93 96 11
93 97 16
93 98 10
93 99 1
94 95 4
94 96 13
94 97 18
94 98 4
94 99 9
95 96 17
95 97 15
95 98 15
95 99 4
96 97 4
96 98 17
96 99 5
97 98 13
97 99 1
98 99 12